1,2.2654847440760264

2,3.1611201480793145

3,1.8020717007778273

4,2.4231998928550946

5,2.1850775720073123

6,2.098475589459971

7,2.8920531495183686

8,2.2679008677911945

9,2.0049876332574854

10,2.016164854784273

11,2.269368762980095

12,2.0757158974414

13,2.196012499069939

14,1.8025888334645632

15,1.9159169962164324

16,2.4375869586006202

17,1.7228824864010872

18,1.8292042523198973

19,2.0004706900782736

20,1.6177946159485783

21,1.8365795611245155

22,1.8482134208904029

23,1.8314044095929218

24,1.961070674592935

25,1.6084320718714413

26,1.4959523818857703

27,1.3420024031209514

28,1.7105987588259084

29,1.864043780259216

30,1.708514555219775

31,1.6006904875156798

32,1.5488060836368687

33,1.565253931159919

34,1.5843860216452261

35,1.314632630645636

36,1.403966888851272

37,1.4050387137381004

38,1.2472311682847952

39,1.5626551855128297

40,1.735563931395429

41,1.285964453358707

42,1.5918825376036794

43,1.3290506658225965

44,1.1326069033678539

45,1.2798175288595062

46,1.227960881766938

47,1.6997783341863697

48,1.2307424951332413

49,1.4697480336703037

50,1.174057211060019

51,1.1413117092727796

52,1.3395478965339245

53,1.365017233525883

54,1.1934925427072585

55,1.2231372364286857

56,1.0559052175402799

57,1.3116025840120809

58,1.4971642553904665

59,1.1719160881725441

60,1.3398844227744156

61,1.2160300608830954

62,1.3708467153496318

63,1.259670384262206

64,1.1435697486648972

65,1.377069448367812

66,1.070525912962525

67,1.1399154215756646

68,1.2407498689593766

69,1.1044832817550312

70,1.2663481968184263

71,1.2088263010804026

72,1.0991128340966823

73,1.0281967867314306

74,1.004288385953827

75,1.1052425553764154

76,1.0449863897699627

77,1.2041735290147273

78,0.967426106871198

79,1.0762080934416072

80,1.3437110442120228

81,1.0269616212330324

82,1.1923881736312898

83,1.0074775923184396

84,1.0227206992167324

85,0.9501118808037032

86,0.9684239711686039

87,1.271635088553138

88,0.869992962864735

89,1.3420261807562224

90,1.1918764625231526

91,0.9467797655510978

92,0.8093676756783686

93,0.9192029527983823

94,1.1848238416022432

95,0.976526599061197

96,0.9883256493789303

97,1.0510156571918092

98,1.1828617101074719

99,1.064936474008717

100,0.9046809530129798

101,0.9402474536727813

102,0.7732999842243199

103,1.1833956549024947

104,1.01449876272793

105,0.8730471476722801

106,0.8930170189110125

107,1.0627204553276985

108,0.8554009719277164

109,1.0670637414403612

110,1.0073300972696058

111,0.9292451996981381

112,0.8599986979721359

113,1.0828314757527524

114,0.718112502241389

115,0.9281709897975496

116,0.9145431002627842

117,1.1232406411810412

118,1.077321247373761

119,1.010945341101829

120,0.898930305615785

121,0.9050641827345872

122,0.9239471345750225

123,0.8710015271611592

124,0.8333775079992936

125,1.0081537820578115

126,0.8944121925612396

127,0.70932016066779

128,1.0673321220917693

129,0.9228288720123196

130,1.1081899616566262

131,0.8767062803443989

132,1.1314802483865167

133,1.1845999370661244

134,1.042722653548501

135,0.8955354215266667

137,1.2064599137631022

138,0.8799622516173663

139,0.9823274380951192

140,1.07085876470734

141,0.8841974820467218

142,1.1843222562350997

143,1.1240786468940684

144,0.8098359381656005

145,0.9399255774257875

146,0.913731578210897

147,0.8297227384033613

148,0.9813840372672223

149,0.9794581608558441

150,0.8270251686742649

151,0.800214833790909

152,0.9301413654617395

153,0.8779610195345258

154,0.8206979656574571

155,0.996301594443887

156,0.880095527627732

157,0.861299631296561

158,1.0188960718902662

159,0.8732710248709363

160,0.8532960072746637

161,0.8350559780498095

162,0.9790664260359387

163,0.9745766745537773

164,0.7089296298494945

165,1.044366951931113

166,0.8472720532619091

167,0.8652652800977513

168,0.6602433260172191

169,0.7265653788317408

170,0.8518991205322239

171,0.9350516492690846

172,0.8720442449747396

173,1.153561175350248

174,0.8445403402792413

175,0.9177458793122392

176,0.8504538507570474

177,0.938424378389527

178,0.8249053422921688

179,0.7254197747824738

180,0.7231787537754921

181,0.9436792378021706

182,1.0053938356194938

184,0.8165633437359524

185,0.7438921784158894

186,0.9156083331702126

187,1.045846344278709

188,0.7343799287724242

189,0.7673996630463017

190,1.0687506479780797

191,0.9745641901401534

192,0.652517873379002

193,0.8562484848710433

194,0.8182963350943485

195,0.7268886488067774

196,0.9575021537722137

197,0.9953987696709312

198,0.7322834113484905

199,0.9436813493676723

200,0.8136487809006506

201,0.9685417693543502

202,0.8149786469849426

203,0.9536571812702409

204,0.7758645590702221

205,0.6747419726599609

206,0.9743553019637965

207,0.9658180393425161

208,0.8844068093571403

209,0.7833279991095212

210,0.878029670739363

211,0.649860910842743

212,0.877671231825892

213,0.883046367395425

214,0.7342612755148923

215,0.8867570482135081

216,0.8504071600972851

217,0.7381147406853195

218,0.859947868446169

219,1.0818877734467605

220,0.7325429244618693

221,0.7537696946484019

222,0.595865850411138

223,0.9452145436666304

224,1.0232266848281777

225,0.8510817789920019

226,0.8075733655750291

227,0.7662784402672669

228,0.6990750886120046

229,0.9882601059756081

230,0.802077643961344

231,0.9832594474962811

232,0.9353175820407733

233,0.8177058450053807

234,0.9267165253699098

235,0.8306735086907022

236,0.8594143830707106

237,0.7715799266268216

238,0.8938063126636085

239,0.869611832094043

240,0.8858113811400034

241,0.9004861065510553

242,0.8027380746714494

243,0.8446803454866441

244,0.8243119583342262

245,0.8448745198141926

246,0.7498659511154011

247,1.061603863086465

248,0.7187766078426987

249,0.6892481784124763

250,0.8196406415827672

251,0.7807854199119459

252,0.8935944582597035

253,0.700209957982647

254,1.0733576965717524

255,0.7021579867239032

257,0.5008238830455555

258,0.9524374142262751

259,0.658271725530664

260,0.7697021673929957

261,0.7037356452574742

262,1.0087062334087848

263,0.5619829103142442

264,1.2648708675400386

265,0.8791070035893392

266,0.7531595563397069

267,0.8905821446666017

268,0.8927554774521931

269,0.8235705253511295

270,0.8500716027378353

271,1.0657997177227707

272,0.999057527432588

273,0.6784373506441463

274,0.6495651211930432

275,0.8496635756067075

276,0.7585113637648019

277,1.1057062386612289

278,0.7619136157638376

279,1.3204170074426564

280,0.750181164518429

281,0.992236226217262

282,0.8579032942074695

283,0.9701916185291287

286,0.849874943908666

287,0.7692671244085004

288,0.8019050859043528

289,0.9172506123397719

290,0.7986192574378923

291,0.7200849683102806

292,0.800617296542507

293,1.0457530846855962

294,0.8648800607808537

296,0.9730306998543138

297,0.7707071700483914

298,1.4359552015298274

299,0.9547986835531432

300,0.7212273322709025

302,1.230975991491834

303,0.6271952459557354

304,0.7908091314247704

306,1.0225386779169499

307,1.127827133984378

308,0.6862124880995725

310,0.9797393658209474

311,0.778853204854016

312,0.8196991687162433

313,0.9124501918782555

314,0.8056709084724848

315,0.7649626466948086

317,0.7290312771329217

318,0.7640050914790455

319,0.8077778864454247

320,0.6218675488963171

321,0.9257188808099464

323,0.8841320001767088

325,0.8554126313056166

326,0.7183373251765175

327,0.8295033542891364

328,0.757172765575041

331,0.7788334562007444

332,0.8233311412088881

333,0.82376935008962

334,0.8988729546497165

335,0.7743830407669556

336,0.87776394179298

337,0.7530169483408162

338,0.7986587008940198

339,1.0134900552446404

341,0.8172471274833301

