342,0.9142972683699276

343,0.7031199732602627

344,0.7988835775167925

346,0.7837693175191973

347,0.6380352442501801

348,1.2344630757916084

349,0.712818349068684

350,0.8570066548556088

351,0.8384088187455289

352,1.022476958266881

353,0.7941428606750567

354,1.1498603848388418

355,0.9457567203692099

357,0.815536797889646

360,0.7540506805435719

361,0.8805147368848094

364,0.6909293895205492

365,0.9090842276628769

366,0.7287074732945336

367,0.518900330384602

368,0.8543322577372109

369,0.9497296867406447

370,0.9948320153767156

371,0.7599312088180934

372,0.8621941760060473

373,0.7847498432523864

374,0.6592727596432955

375,0.8554287599662016

376,0.7077854876807075

377,0.8683304287923683

378,0.7472887400355395

379,0.8272370806224005

380,1.342611823486126

381,0.5509819312154347

382,0.645572076020763

383,1.1320606669943774

385,0.7581852161539402

386,0.82735876240183

387,0.6773024111831458

388,1.054697458661896

390,0.7730528500095092

391,0.802554861454354

392,1.1877559904836332

393,0.8461943547010546

394,0.8559442426503332

395,0.6827534636951534

396,0.5709877544944576

397,1.0164530654726003

398,0.7144581386834639

400,0.823785340717845

402,0.6166373283578296

404,0.7213338743244592

406,0.7465729164316728

408,1.0391536749861416

409,0.5960019053952748

410,0.812027911739548

411,0.9716757139672362

412,0.7612848463356396

413,0.8357546604552186

414,1.0183838312244111

415,0.7330502649397526

416,0.7939952341832305

417,0.7691445070607978

418,0.9075402871180652

419,0.747229345725754

420,0.6465854063269144

423,0.7268493133998446

424,1.076079353135643

425,0.8646353240028313

427,0.6458894378762908

428,0.8487817788850609

429,0.7405139144922904

430,0.7575217897691848

431,0.738600274177094

433,0.9813673939397832

434,0.975749719865345

435,1.268524916347877

437,0.8467764645735361

439,0.8165890206864033

440,0.7782506377426482

441,0.533629168675457

442,0.5805624843894158

443,0.8685482450725306

445,0.44208414206151203

447,1.1058277909466139

448,0.7971732923589412

449,0.9281525103386163

450,0.9652960010823138

451,0.8146309882182958

452,0.6684240107401916

453,0.7853022983517757

456,0.807108375998853

459,1.4127577232332096

460,0.6240457957002983

461,1.0058280769748422

462,0.9417746087353491

464,1.1184056068768549

465,0.8476459028797667

466,1.8874361477199786

467,0.6998018912425511

469,1.0618022726848446

470,0.8056711526707632

472,0.83267028843994

473,0.6635308403011263

474,0.7685355093101083

481,1.2110058966500432

482,0.8162951656969724

483,0.819068101624933

485,1.0133675283740975

487,0.6024637599489479

493,0.8120863002725005

494,0.7623019837914766

495,0.5523770496504736

496,0.7733006698491794

499,0.6030461079558836

502,0.5522515161544123

503,0.5442179497161781

505,0.6740351418653819

506,0.5795441749869575

507,0.5495945973728341

510,0.6300650632513393

513,0.9187402278170966

515,0.7893038823674748

516,0.5089158767808788

517,0.7449986585053674

519,0.4887290792899891

522,0.8033321946959868

523,0.7552612635160136

526,0.5658681685791036

527,0.7419009215696974

528,0.7366385413039014

532,1.515510246404006

535,0.9235932843163213

536,0.8345074358486698

537,0.7372816704931937

538,0.8188666594838776

540,0.5321501509411383

541,0.67925754755712

542,0.7127724472578466

544,0.9099124446877122

546,0.6546186087641516

548,0.7806893763074944

549,0.7411758845742469

550,0.7146962647569061

551,1.222311155189177

552,0.786817123311274

555,0.6198870764234261

557,0.6273308169701827

558,0.814171651456583

559,0.7246965130380861

564,1.279483034183911

565,0.7874749484104233

566,0.6443915392800922

567,0.9789577840673626

568,0.6097182023610124

569,0.6175652256075252

570,0.8204844885595503

571,0.7750245041345961

572,0.7617746059309475

573,0.9988379785993614

575,0.946171185175222

582,0.8759354493497045

583,1.3589482666747414

585,0.7186882415889408

586,0.8774727367078042

587,2.3337592743569417

592,0.7064883778839248

594,0.7876795084565524

596,0.556322103125729

597,0.9607779395701531

599,0.9688723253841558

601,0.9219388831632184

603,0.6200377470283566

606,0.5853682014445556

609,0.7466639044396455

616,0.7108055596439664

617,0.847644253547389

619,0.6333052888722611

620,0.9301624961711982

626,0.8527183119555831

633,0.9884409891635888

634,0.65087489626458

635,1.3759039099124388

644,0.7108086079237013

645,0.5372248646549761

648,0.846549776590093

652,1.382387419071168

653,1.3095343065437395

658,0.6408094277591556

661,0.56998589153953

662,0.9205638341083986

664,0.7760692994593574

665,0.8352479570565235

667,1.1419788689211983

672,1.1277776492684186

673,0.7806814779693175

675,1.1784198338344987

677,1.1678671524869029

678,0.8121144804604241

679,0.6836333418392649

682,0.8235844843273837

683,0.759130721022656

684,0.8811928429468321

688,0.7899907468248673

691,1.2852325857439224

696,0.8226217540454327

702,0.742522283212342

704,0.9051930257682442

707,0.7105313817728897

711,0.8272408399295902

712,0.9390030380749222

714,0.7676544029162811

715,0.5148799486341361

716,1.0035460249499024

717,1.1662126148054737

718,0.7271495430245436

721,0.9565167360966346

726,0.9598179000743641

729,0.5613050034043395

730,0.6233452823233422

733,1.323336630505778

734,0.787634449451041

735,0.9807644257844634

738,0.701617990894092

743,0.6167763234113548

753,0.8134467057481263

755,0.7568144004900643

760,0.882403474290986

776,0.8328859757063711

792,0.6582330957099096

793,0.7705073222453789

798,1.1826536754499075

807,0.5016013957188338

814,0.7007555853524441

818,0.837750845001875

826,0.6755257777178936

827,0.7192777548547135

831,0.6465943914725292

833,0.5192148838229438

835,0.6188178093445313

838,0.69558091464412

842,0.6845322898759595

844,0.7974910711014117

845,0.7029256037568271

847,0.8683725750231215

858,0.7701096320177017

862,0.8744185695273656

871,0.5653613893099257

891,0.928437582353333

903,0.560547911028886

907,0.5425736012562735

909,0.9824120098111772

914,0.7790321222524738

917,0.7486497423670914

931,0.7420512692932887

933,0.7281348926481988

999,0.4745022728728675

1007,0.7134306815700255

1033,0.7339167097561508

1047,0.8840917468053839

1059,0.6530331009247823

1067,0.678342224318202

1068,0.6125823085792503

1070,0.4712679731631318

1109,0.8903984635499017

1113,0.9143899368507236

1118,0.9159283596590473

1123,1.108185963175495

1128,0.6687991874633948

1133,0.5662698142988682

1154,0.7788192842649578

1186,0.4471205968704355

1188,0.7890181162051284

1194,0.6400571122759255

1201,0.8052818839121021

1207,0.5468745082111042

1223,0.6910095774586084

1232,0.9036510841591165

1239,0.7641140014519211

1280,0.5776672289254887

1282,0.6796019018492591

1292,0.7576662997592307

1316,0.7214279461035578

1317,0.7376263233681412

1338,0.9104551281226683

1434,0.6231216505620218

1452,0.7331457919687214

1479,0.5936926409275214

1700,1.074290446090356

