1,1.250089902359783

2,1.79661494973233

3,1.4138671868841608

4,1.2294261553420807

5,1.4180974092781884

6,1.5338430330946276

7,1.2716897313021622

8,1.1113231624519102

9,1.2510293562970862

10,1.2052482480663351

11,1.2698526734772742

12,1.1463420494550691

13,1.2151010693152182

14,1.1631595291614771

15,1.2757493493890355

16,1.0760785838961002

17,1.4541788249004926

18,1.1339682249792098

19,1.1605436568797924

20,1.3861921839675932

21,1.1311347698885081

22,1.3337923111200682

23,1.5544930692910974

24,1.1607117792259267

25,1.2396705561099437

26,1.2326809402170658

27,1.1101046097772576

28,1.3579777552726149

29,1.2698047630464342

30,1.2278075187881088

31,1.3044207961594283

32,1.4116429069716723

33,1.3132199959405615

34,1.3170582742733734

35,1.2540977964433275

36,1.0611699386153375

37,1.3687284566573419

38,1.2001860130136277

39,1.320704098109924

40,0.972137256594898

41,0.9919142696009278

42,1.1036893646408223

43,1.1345336344903134

44,1.4842408174137902

45,1.1961342264986288

46,0.9438527001201642

47,1.03198400593495

48,1.2153587315711127

49,1.4576457744010087

50,0.9660638250402737

51,1.1567583040885823

52,1.3469030621718032

53,1.3208785699004262

54,1.2433070844391871

55,1.269656185228769

56,1.3269704796836794

57,0.9791466193190704

58,1.1601631097726057

59,1.308831282244921

60,1.1403050185729504

61,0.9070905854178166

62,1.6151187229070312

63,1.3418924827326548

64,1.2199526116205839

65,1.105998503069484

66,1.3339317815185103

67,1.264277543055294

68,1.0977779925624367

69,1.2116965465560448

70,1.3578033554790325

71,1.2688780792928243

72,1.2878531061408804

73,1.2529019474129588

74,1.0284192931729736

75,1.016257189164336

76,1.406853329124186

77,1.2727584217123238

78,1.023505896999614

79,1.3393416652484083

80,1.29209736192947

81,1.2538997696203964

82,1.1603994453922126

83,1.2166971456346634

84,1.362225910829539

85,1.3511526077489555

86,1.2436820946316856

87,1.1546684821562645

88,1.0909581069760697

89,1.400607981715699

90,1.2252683218295661

91,0.9517426186680681

92,1.1464636073562953

93,0.9737592508943449

94,1.4329308090899997

95,1.128508541128285

96,0.9884380511899281

97,1.3123138457606076

98,1.2758649652150007

99,1.0942999277766545

100,1.0170035422450714

101,1.150606430994676

102,1.1182348627220928

103,1.0550765453910695

104,0.9551561347372716

105,1.2082047312703539

106,0.9848743698058061

107,1.1638283700402388

108,1.1297539353993458

109,1.0478493186765876

110,1.069957362336372

111,1.0579622597971734

112,1.0872417506272616

113,1.5673276738155444

114,0.7872600620850823

115,1.0117560369986298

116,1.1337205515765878

117,1.091590469716734

118,1.0240336941355468

119,1.085749217612333

120,1.054600344444226

121,1.056895224702774

122,0.9921592250770755

123,0.8192176555692502

124,0.9804591153977904

125,1.1580544791052194

126,1.038009760537516

127,1.034804772374908

128,1.2746985423276238

129,1.2546509186593997

130,1.08596797024058

131,0.9891361792234554

132,1.0713286215392601

133,1.0882206523270999

134,0.9835058235174353

135,0.9730226766465132

137,1.2203727505449153

138,1.2174315860699274

139,0.9029075823693922

140,1.199714638378677

141,0.9261370277239563

142,1.2280535949363522

143,0.9922909439230849

144,0.9949532013301968

145,0.9547554830089201

146,0.9830558312051766

147,0.7679717678934386

148,1.3022520105012432

149,1.2551304239088164

150,1.2693489306560934

151,1.3062596467664622

152,1.1195187516470393

153,1.1394646865713192

154,0.9238931242139478

155,1.261504176403184

156,1.35429901132881

157,1.2502992282721628

158,0.9199401426367243

159,1.0452428270813177

160,0.8014819382048647

161,1.2082799291440378

162,1.093320930216744

163,1.056871002870538

164,1.0241888272599016

165,1.339096817668992

166,0.9604789770506489

167,0.9148593027513716

168,0.8879107138819956

169,0.8529282936419503

170,1.0759333253375998

171,1.035247713203896

172,0.8737372621860349

173,1.2734359295702193

174,1.0909406043179957

175,1.205607955163807

176,0.8676607251852348

177,1.104010133181696

178,0.8999881430492233

179,1.0225950934144874

180,0.9004990109969855

181,1.3590407972078962

182,1.0436521916188577

184,1.1181977349321606

185,0.7923340031204975

186,0.8809004893623571

187,1.5007725721227727

188,1.4393592367316812

189,0.8625903157148562

190,1.0499554318809503

191,1.115901354118329

192,1.0641090525735462

193,0.9171164554687802

194,1.1321384953641982

195,0.7702578320021953

196,1.2594755511627067

197,1.1248939870534007

198,1.0496647861007142

199,0.9139177240243263

200,0.8438997027046873

201,0.8483366109972402

202,0.9922055150573584

203,1.3203950206375101

204,0.8913913584898425

205,0.578880643470586

206,1.2249998909622528

207,1.001461980967749

208,0.9329845373048703

209,0.9697354465536142

210,0.8266802435013247

211,0.792585124338343

212,1.0089238024596194

213,1.1275553214098974

214,0.7306556491674706

215,0.896685300896949

216,1.4830681592726693

217,0.9296282167511911

218,1.1326390829602322

219,1.0372067191775807

220,0.8297806211708656

221,1.0044366855569509

222,0.8579123553933242

223,1.0187414984089596

224,1.0882863324858678

225,0.9096787990708077

226,0.9488941990823678

227,0.9784189931490899

228,0.9131988991510213

229,1.1066010383613865

230,0.8910090257721941

231,0.9831725139886576

232,0.8939490290034035

233,0.8532795489739535

234,1.1605807478803958

235,1.1170923253079197

236,1.0118717840870397

237,0.8338694131325571

238,0.9796045380649755

239,1.108077373477703

240,1.0281384278593046

241,0.9818053668218315

242,0.8411600438008252

243,1.0493448259404643

244,1.1303922306150447

245,0.9605070499770083

246,1.3041006179362122

247,1.3136364780801775

248,0.9046366460141829

249,1.19400095028163

250,1.031165700449009

251,0.9848150588782281

252,0.8941589253854075

253,0.7892315646375393

254,1.0614440533310807

255,0.9848787106242738

257,0.5890441229395548

258,1.1292852739561936

259,0.7548517136960112

260,0.8001531304749918

261,0.768585201689486

262,1.444295465366656

263,0.9298555229464729

264,1.1102632663872725

265,0.8816514024924409

266,0.8094667591279016

267,0.9067262836785013

268,1.0052787775828578

269,1.3222956680901878

270,0.8960668294705011

271,1.4208974690738427

272,1.2529242782122305

273,1.221205859012471

274,0.6830054729993642

275,0.9176025324329979

276,0.6968937402346155

277,1.2782967457106602

278,0.9176482870666773

279,1.3171750121478751

280,1.1432539657540897

281,0.9540371863284498

282,0.9439313625111552

283,0.9973662183823369

286,0.8900180602398534

287,1.326087807914261

288,1.022951446109981

289,1.0576258313641538

290,0.9574737669548344

291,0.8206471350553642

292,1.1859248226410217

293,1.029672420671864

294,0.7480167826507661

296,1.2689930528675775

297,0.8192861528873766

298,1.4456401854599634

299,1.189998959938283

300,0.9771906247458124

302,1.1191335250772976

303,1.1071566062240052

304,0.8181753371010684

306,1.158816461646019

307,1.1121022904399718

308,0.9699806641972585

310,1.0810247217492088

311,1.042309982408468

