312,0.8717716986980688

313,1.060538972540949

314,0.9761100770930033

315,0.9660712695088979

317,0.9056377109185132

318,0.961506683758795

319,1.0740139317094348

320,0.6334913920880694

321,1.4087790229563417

323,1.0506073032045844

325,0.9455041065154204

326,0.8122736944450445

327,1.2958076604292266

328,1.0820732274111884

331,1.005117681968676

332,1.0060923822300312

333,0.7962696455064545

334,0.9858373196177536

335,1.0666794750234179

336,0.9314385877581954

337,0.938063476193141

338,0.884863939270201

339,1.1319380013432099

341,0.9238247933166185

342,1.0059204772951227

343,1.0292136625722923

344,0.92119172458217

346,1.01053584073072

347,0.6836250667161431

348,1.406953337785842

349,0.8868892873896755

350,1.0336535652407464

351,1.1430203672374664

352,1.0650112436412649

353,0.8765135080954383

354,1.2257209844697134

355,1.1168132247851656

357,0.8799477763783351

360,0.9256884431599469

361,0.9210189918320443

364,0.76514579532998

365,0.9980581291995173

366,1.2703119216447005

367,0.5957369784704035

368,1.0019550790725014

369,0.9439050141823178

370,1.0002179700666753

371,1.080221967370245

372,1.1800832104769765

373,0.9569948307824152

374,0.9987380107835353

375,0.9212154048046315

376,0.7704203841259196

377,1.025600057088718

378,0.8046234247147868

379,0.8838208782552981

380,1.2391206202064

381,0.7075442780722491

382,1.0130474377018104

383,1.3196162360265966

385,1.0239247198654657

386,0.9221330278783718

387,0.820789175597783

388,1.0578549373716828

390,0.9827239977256722

391,0.9149462694597182

392,1.1662590869255753

393,1.0757989381978872

394,0.929044719308884

395,0.8705756513317271

396,0.8048746925265068

397,1.0355472142454336

398,0.882975339962023

400,0.7873529322007176

402,0.8502661258047335

404,0.7147102858205484

406,0.9075773143292238

408,1.1103824828104758

409,1.1802893023366883

410,0.8566101195501773

411,0.9925362875914342

412,0.8437965528205321

413,0.878761548680994

414,1.1151771366574568

415,0.9433171446951638

416,0.752935084876118

417,1.2350658881732048

418,0.9523854922653325

419,0.8051609138756443

420,0.9240878651895682

423,0.7253466445583784

424,1.2273368991684808

425,1.1121997588210202

427,0.8198511628450077

428,0.9444152672753927

429,0.8188265514072939

430,1.1104746250918693

431,1.298612976046369

433,1.199108622888103

434,1.0328572425259666

435,1.1151459539897146

437,1.49382517115393

439,0.9409757015897826

440,0.8729590010448618

441,1.4574782127475523

442,0.6522211313504895

443,0.9094280909327838

445,0.9877847992632299

447,1.0400491885383962

448,1.1956968920501811

449,1.0473059014970745

450,1.2545753247945377

451,1.0535518128322716

452,0.7835803949758884

453,0.9308543652578967

456,0.8740272663231741

459,1.4430480615627366

460,0.850677118678466

461,1.243350029085239

462,1.1622323276518902

464,1.120362132935449

465,1.1247041604027834

466,1.6637589869294538

467,0.8777368608370643

469,1.1935361292360622

470,0.8666900198458116

472,0.9740918443256933

473,0.9750354097347055

474,1.0033200177972856

481,1.2991963896967667

482,0.8921818618235058

483,0.8809184329411387

485,0.9856775595778636

487,0.9945807022312169

493,0.9463988184704168

494,0.8385146063791545

495,0.9227423557255734

496,1.538377772197021

499,0.8773523350905276

502,0.6562618204978898

503,0.6832889162419092

505,1.1156161415581574

506,0.7358598567924832

507,0.7085023845717527

510,0.8781181737425482

513,0.9931486974846375

515,0.9336550015842021

516,0.6950198144814563

517,1.0493327371323873

519,0.7714231753274006

522,0.9238902599389427

523,0.9657994225714646

526,1.2085040178789166

527,1.4624921215614373

528,1.0416981789797042

532,1.4779470339974066

535,1.1481546609350899

536,0.9494839110844543

537,0.8694495668895451

538,1.3572358456978284

540,0.6889567431820909

541,1.004976352568453

542,0.83475734156709

544,0.9931178522449343

546,0.7224718471736338

548,1.1402333664258013

549,1.0852863577920662

550,1.257355567812494

551,1.4773219914624232

552,0.9857725069453729

555,1.0597330910586522

557,0.762079211339513

558,1.0831858126377703

559,1.2804397682661086

564,1.3457779511993417

565,0.8627408455706287

566,0.8290414575604668

567,1.0773674991312463

568,0.7260238361929049

569,0.6903105443360325

570,1.0205901169136393

571,0.8730776106327884

572,1.1856335316744235

573,1.1409216718735156

575,1.257742388978662

582,0.959963117056152

583,1.3126182334825913

585,1.089004344747885

586,0.8911755921602643

587,1.880484182988923

592,0.9900606707833736

594,0.9330382777630724

596,0.7791336150761041

597,1.1408843869515657

599,1.360929469413578

601,1.0090303683970503

603,0.7180798887371221

606,0.6625450348184506

609,1.1015499122546877

616,1.113471343937221

617,1.112915742131681

619,0.9117793243207529

620,1.496377392289396

626,1.4179438444282157

633,1.1956700567166845

634,1.022567040398353

635,1.2301455714680638

644,1.097706337204613

645,1.106430453844202

648,1.1276254027584112

652,1.1719767433882384

653,1.600176945557956

658,0.781399974093873

661,0.7843951053323912

662,0.9031033728793602

664,1.1391901840935268

665,0.885636085846757

667,1.2755207454998172

672,1.2129848184103194

673,0.8883174210143167

675,1.4519329579405544

677,1.187256953369904

678,0.8591883886428914

679,0.9280743057171691

682,1.2699988038839456

683,1.1185457183553853

684,1.0088920961447587

688,1.274180183683422

691,1.4547510894884355

696,0.8864731741572012

702,0.8566691431063425

704,0.9651556404244793

707,0.9920784684000565

711,1.0912348937299716

712,1.1179637766711186

714,1.081674959999848

715,1.6007734744535098

716,1.4274686184636618

717,1.107550555459415

718,0.8514042680408372

721,1.0321368301009275

726,1.2199771588707626

729,0.7967117034773328

730,1.1268988685093189

733,1.3582107761794773

734,0.885873137563715

735,0.9744124116300692

738,1.0414345432255092

743,0.9134127928099252

753,1.0234377913396737

755,0.8240104640667466

760,1.1349335964968763

776,0.7559444148015545

792,1.0244130187263158

793,0.9164522708798497

798,1.288471991812686

807,1.1150266848177286

814,1.498019281137965

818,1.2930640252391374

826,1.2071124382774547

827,1.353527345095958

831,0.9510679534171285

833,0.7943155103171498

835,1.1361016154551407

838,1.1485787245201975

842,1.1416176364829491

844,0.8836827632889087

845,1.3198907457213547

847,1.1778341023987056

858,0.8973385260214668

862,0.9673737045051034

871,1.079309721579433

891,1.1811128819307808

903,1.5548907291635516

907,0.8935039249731638

909,1.0610984289849323

914,0.9918037696411095

917,1.184296583337589

931,1.2541425140716476

933,1.3866934019705053

999,0.9880558471894709

1007,1.3126188401611594

1033,0.8415244157096688

1047,1.3726833272543884

1059,1.201738810779066

1067,1.0252363927458472

1068,1.1583888226493944

1070,1.263230676984692

1109,1.439658095777452

1113,1.4256904297444144

1118,1.0790495224726437

1123,1.195884712193107

1128,1.2042863808344344

1133,1.4944412003498595

1154,1.005221738288125

1186,1.542207288278198

1188,1.331832883860398

1194,1.3602756778661782

1201,1.2570838763659131

1207,1.3029483433444975

1223,1.528959872959897

1232,1.2114592815736884

1239,0.8437688742891674

1280,0.9875456857846011

1282,1.2462133454981095

1292,1.6777020844585162

1316,1.160806208728165

1317,1.2877789936719457

1338,1.0400623015526709

1434,1.3049662686836496

1452,1.1194037383447766

1479,1.688572304926945

1700,1.5545512440599056

